136302
121702
113802
47202
44502
81702
142302
68602
73402
96502
62302
136902
77402
41202
107102
83602
142102
138002
105502
56002
61602
76602
90902
119902
110402
85702
122902
80602
64202
122302
69802
99802
100402
94402
47402
74202
139102
135902
111902
92202
66502
72102
87702
70902
64002
102402
91502
85202
125002
72202
38002
63602
127202
72502
65002
108302
101202
112602
62602
53702
92302
41002
124802
124502
124402
37802
66302
38602
142502
79702
39502
84702
142802
94702
105702
118302
71002
46802
77202
104602
103002
50702
104702
133302
92902
48602
85002
36602
146902
77102
79302
87202
67202
99102
110302
55702
75602
63702
36702
73002
78902
66602
53902
126702
65802
84402
75402
138702
70102
76502
121502
111502
36002
66102
115302
83202
52502
68202
117802
105302
85402
37602
135502
48902
70702
86802
76402
107002
116502
46702
45302
80702
80302
118202
119202
40502
62802
69402
106902
117302
93802
139702
133902
56302
58802
113902
87802
106102
97402
111102
41702
119602
64802
135002
114202
45202
82702
144302
52602
120002
85302
126402
61202
49202
105402
120102
95902
36402
111802
75102
82402
38902
146802
84602
122402
40302
127102
134102
141502
64102
134002
106202
137402
98302
64502
62902
90002
106602
54602
52302
50102
102702
77502
127802
51002
65202
55602
57802
39102
70602
51502
76702
63802
105202
141002
86502
93502
143402
99202
54902
117102
137902
60102
83302
137802
103302
70002
146402
109502
84902
94502
142202
134902
109102
100202
80402
106802
120302
55402
139002
52902
132802
106002
114702
76302
78202
110502
84102
73802
64702
50202
140602
56802
86202
65102
79502
121802
107802
106702
97502
83802
119502
100102
44902
80102
36902
145202
58502
135402
85802
56402
105902
78602
72602
88702
92002
78802
118702
41602
115502
138102
90102
58702
127302
69702
75202
67302
114602
108402
93102
145502
136702
113402
35102
45102
55902
104902
54202
109902
77602
98702
141402
90302
90202
137302
68702
115702
105002
38402
109702
97302
39302
123802
102602
146302
58902
78702
73302
115602
36502
122102
87902
80502
100002
73902
63102
83502
59502
60802
94102
66002
88602
39202
111402
105602
116802
54702
73502
86402
39402
116302
67402
112302
116602
37302
56902
124202
132902
44802
134202
51702
79002
86302
104402
120502
88902
59602
49502
98802
115402
110702
48302
41102
138202
88102
74302
134702
50602
36802
87502
40802
35202
123602
108502
71802
37902
72902
121002
95402
106302
127702
72802
56502
69602
56102
88502
54802
64402
66402
71302
62402
100902
147002
72402
97702
95702
123502
95102
73602
74502
141902
78102
48402
124902
103102
88802
78502
67902
119702
50802
65402
120402
90502
112102
96902
51102
70402
102502
80002
135302
50502
116902
118102
122002
51202
104002
61002
62202
64902
112702
61102
85602
101502
95002
77302
94802
84202
89402
84502
139902
74002
57902
72002
98502
125102
109802
97902
147102
51602
44302
44402
69002
133602
37202
92702
94202
96102
61502
39902
89902
97002
52402
132302
37402
51302
52102
49702
106402
120202
59102
40002
108702
60502
54502
35002
80802
125402
141602
60002
81202
66202
91602
120702
95302
93202
140102
59802
37002
118902
41302
114102
89502
104802
60402
111202
67602
43902
108002
107902
59202
99302
51402
82802
115902
143002
85902
81002
109202
40702
79202
59702
133102
111302
49102
57102
71702
127402
136402
79802
125202
125302
63502
46102
45602
50402
52202
40402
141202
96802
143202
56702
70302
45502
81602
93302
140302
82302
53102
143502
96602
80902
138602
118502
97802
65602
68102
73702
38502
98002
52002
138902
62502
76902
125902
87602
98902
122802
41902
135202
127502
48202
107702
88002
111002
94002
124602
84302
135102
113102
82902
63002
53302
112902
119102
63902
138302
35602
44702
82002
96202
95202
62002
142902
89102
116402
119402
59302
81402
140202
114402
52702
40902
91402
44102
145402
62102
62702
39002
68302
97602
120802
101402
109002
40602
41402
98102
144902
72302
53002
51902
81902
89202
36102
134302
67102
102202
89002
60602
110602
35402
123902
123102
96402
139302
87002
86702
99002
99402
137702
125802
97202
77002
71402
132202
78302
48502
38302
74102
98602
103602
79402
57602
50902
85502
35802
67802
143702
135602
93402
110902
56602
119802
39602
49802
112402
118002
96702
68902
91702
145302
101002
110102
90702
61302
58002
68802
35702
60202
121602
83702
140402
50302
46202
114902
86602
87102
77702
52802
76002
64302
112802
41802
57002
113002
81102
57502
134402
93702
94602
80202
75902
120602
116202
142402
96302
111702
58302
104302
53602
108902
100502
144502
63302
55002
49302
60902
93602
104202
105102
47902
109402
128102
123702
136102
61902
54102
57702
38702
63402
53402
35502
123302
143602
109602
140802
71502
140702
133202
95802
88402
103702
102802
70202
38102
142602
94302
137102
121302
60302
66802
86902
61402
35902
53202
69302
50002
79102
132502
44602
142002
78402
55802
44202
35302
99502
55502
65902
38802
116702
112002
107302
59002
37102
124102
79602
116102
54302
40202
115102
58202
87402
126002
103202
74602
55202
83002
103502
107502
110802
47002
102302
75302
65502
56202
139202
138402
111602
117902
89802
118402
85102
103802
140002
91302
141302
83102
53802
