Taxa	BW8	GLUCOM
100002	731.06573	NaN
100102	638.06573	229.0
100202	649.06573	NaN
100402	691.93427	NaN
100502	308.0657	211.0
100902	714.93427	238.0
101002	942.93427	NaN
101202	419.9343	235.0
101402	549.93427	230.0
101502	595.93427	NaN
102202	167.9343	NaN
102302	382.9343	259.0
102402	680.06573	NaN
102502	612.93427	NaN
102602	931.06573	NaN
102702	474.0657	232.0
102802	629.93427	237.0
103002	600.06573	244.0
103102	791.93427	277.0
103202	507.9343	279.0
103302	437.9343	NaN
103502	661.93427	255.0
103602	730.06573	229.0
103702	520.93427	256.0
103802	834.06573	NaN
104002	829.06573	232.0
104202	667.06573	NaN
104302	691.93427	NaN
104402	1015.93427	251.0
104602	732.06573	222.0
104702	483.0657	221.0
104802	188.0657	268.0
104902	657.93427	NaN
105002	486.0657	NaN
105102	269.0657	NaN
105202	478.0657	279.0
105302	328.9343	255.0
105402	475.9343	NaN
105502	319.0657	NaN
105602	550.93427	NaN
105702	307.0657	NaN
105902	611.06573	NaN
106002	769.93427	314.0
106102	896.06573	NaN
106202	505.0657	NaN
106302	710.06573	261.0
106402	873.06573	238.0
106602	804.06573	235.0
106702	671.93427	312.0
106802	629.93427	250.0
106902	636.93427	NaN
107002	572.93427	315.0
107102	711.06573	NaN
107302	650.06573	270.0
107402	NaN	NaN
107502	1014.93427	268.0
107702	595.06573	NaN
107802	779.06573	287.0
107902	880.93427	NaN
108002	461.0657	296.0
108302	567.93427	NaN
108402	624.93427	NaN
108502	771.93427	284.0
108702	680.06573	245.0
108902	542.06573	NaN
109002	853.93427	NaN
109102	615.06573	NaN
109202	574.06573	NaN
109402	614.93427	349.0
109502	924.93427	NaN
109602	495.0657	NaN
109702	589.06573	NaN
109802	916.93427	NaN
109902	558.93427	327.0
110102	539.06573	NaN
110302	543.06573	287.0
110402	780.06573	NaN
110502	535.06573	NaN
110602	604.93427	NaN
110702	563.06573	NaN
110802	764.06573	344.0
110902	926.93427	342.0
111002	594.93427	286.0
111102	787.93427	NaN
111202	713.93427	NaN
111302	827.93427	NaN
111402	1057.9343	NaN
111502	175.0657	234.0
111602	761.93427	NaN
111702	342.0657	NaN
111802	598.06573	323.0
111902	633.93427	NaN
112002	214.0657	250.0
112102	588.06573	248.0
112302	597.93427	367.0
112402	614.06573	NaN
112502	NaN	NaN
112602	583.06573	278.0
112702	744.93427	350.0
112802	476.9343	306.0
112902	483.9343	310.0
113002	569.06573	388.0
113102	572.06573	394.0
113402	763.93427	275.0
113802	824.06573	NaN
113902	700.93427	NaN
114002	NaN	NaN
114102	327.0657	331.0
114202	602.93427	312.0
114302	NaN	NaN
114402	664.93427	251.0
114602	512.93427	NaN
114702	723.93427	274.0
114802	NaN	NaN
114902	629.93427	NaN
115102	740.93427	264.0
115202	NaN	NaN
115302	795.93427	NaN
115402	498.0657	275.0
115502	709.93427	274.0
115602	612.06573	NaN
115702	651.93427	308.0
115902	451.0657	NaN
116102	939.93427	301.0
116202	716.93427	NaN
116302	709.93427	280.0
116402	601.06573	NaN
116502	391.9343	NaN
116602	678.93427	273.0
116702	384.0657	NaN
116802	909.93427	215.0
116902	848.93427	291.0
117002	NaN	NaN
117102	678.93427	281.0
117302	570.06573	284.0
117702	NaN	NaN
117802	806.06573	296.0
117902	792.06573	NaN
118002	816.93427	307.0
118102	689.93427	282.0
118202	666.06573	NaN
118302	708.06573	257.0
118402	666.93427	344.0
118502	634.06573	264.0
118702	805.06573	214.0
118802	NaN	NaN
118902	568.93427	NaN
119002	NaN	NaN
119102	715.06573	NaN
119202	1117.9343	336.0
119302	NaN	NaN
119402	301.0657	200.0
119502	741.06573	220.0
119602	508.0657	NaN
119702	740.93427	NaN
119802	951.93427	NaN
119902	679.06573	246.0
120002	693.06573	233.0
120102	633.06573	209.0
120202	708.06573	211.0
120302	638.06573	NaN
120402	613.93427	NaN
120502	741.06573	NaN
120602	629.93427	NaN
120702	651.93427	305.0
120802	743.06573	NaN
121002	763.93427	275.0
121202	NaN	NaN
121302	691.06573	NaN
121502	310.0657	NaN
121602	768.93427	339.0
121702	558.93427	310.0
121802	635.06573	NaN
121902	NaN	NaN
122002	565.06573	NaN
122102	860.93427	303.0
122302	902.06573	NaN
122402	591.06573	291.0
122802	481.9343	NaN
122902	589.93427	308.0
123102	965.93427	NaN
123302	538.06573	224.0
123502	682.93427	NaN
123602	579.93427	280.0
123702	624.93427	267.0
123802	447.9343	313.0
123902	594.93427	NaN
124102	405.0657	261.0
124202	796.06573	NaN
124402	619.06573	NaN
124502	534.93427	277.0
124602	692.06573	NaN
124702	NaN	NaN
124802	307.0657	285.0
124902	590.93427	264.0
125002	344.9343	NaN
125102	433.9343	NaN
125202	160.9343	277.0
125302	525.93427	274.0
125402	712.93427	278.0
125502	NaN	NaN
125802	521.06573	NaN
125902	698.06573	257.0
126002	599.06573	225.0
126202	NaN	NaN
126402	689.93427	263.0
126602	NaN	NaN
126702	430.9343	NaN
126902	NaN	NaN
127002	NaN	NaN
127102	348.0657	258.0
127202	505.0657	NaN
127302	558.93427	NaN
127402	634.93427	NaN
127502	453.9343	256.0
127702	776.93427	NaN
127802	889.93427	319.0
128002	NaN	NaN
128102	706.06573	249.0
131202	NaN	NaN
132102	NaN	NaN
132202	442.9343	NaN
132302	603.06573	NaN
132502	679.06573	NaN
132802	598.06573	NaN
132902	437.0657	NaN
133102	807.93427	NaN
133202	560.06573	NaN
133302	581.06573	NaN
133602	542.06573	NaN
133902	398.9343	NaN
134002	711.06573	NaN
134102	571.06573	NaN
134202	660.93427	NaN
134302	720.06573	NaN
134402	762.06573	NaN
134702	636.06573	NaN
134902	771.93427	NaN
135002	699.06573	NaN
135102	549.06573	NaN
135202	626.06573	NaN
135302	631.06573	NaN
135402	500.9343	NaN
135502	1065.9343	NaN
135602	616.06573	NaN
135902	387.0657	NaN
136102	760.93427	NaN
136302	606.06573	NaN
136402	788.93427	NaN
136702	694.06573	NaN
136902	597.93427	NaN
137102	650.93427	NaN
137302	540.06573	NaN
137402	904.93427	NaN
137702	838.06573	NaN
137802	403.0657	NaN
137902	702.06573	NaN
138002	813.06573	NaN
138102	495.0657	NaN
138202	643.93427	NaN
138302	672.06573	NaN
138402	228.0657	NaN
138602	779.06573	NaN
138702	803.93427	NaN
138902	472.9343	NaN
139002	701.06573	NaN
139102	879.06573	NaN
139202	496.0657	NaN
139302	685.06573	NaN
139702	485.0657	NaN
139902	884.93427	NaN
140002	1091.9343	NaN
140102	612.06573	NaN
140202	809.06573	NaN
140302	644.06573	NaN
140402	930.93427	NaN
140602	544.06573	NaN
140702	642.06573	NaN
140802	679.06573	NaN
141002	622.06573	NaN
141202	633.06573	NaN
141302	823.93427	NaN
141402	771.93427	NaN
141502	778.06573	NaN
141602	896.06573	NaN
141902	812.93427	NaN
142002	887.93427	NaN
142102	719.06573	NaN
142202	668.06573	NaN
142302	483.9343	NaN
142402	615.06573	NaN
142502	723.93427	NaN
142602	521.06573	NaN
142802	658.06573	NaN
142902	792.06573	NaN
143002	661.06573	NaN
143202	918.93427	NaN
143402	498.0657	NaN
143502	941.06573	NaN
143602	741.93427	NaN
143702	642.06573	NaN
144302	734.06573	NaN
144502	446.9343	NaN
144902	798.93427	NaN
145202	941.93427	NaN
145302	817.06573	NaN
145402	830.93427	NaN
145502	942.06573	NaN
146302	486.0657	NaN
146402	368.0657	NaN
146802	817.06573	NaN
146902	550.93427	NaN
147002	401.0657	NaN
147102	720.06573	NaN
35002	855.93427	NaN
35102	933.93427	278.0
35202	586.06573	230.0
35302	610.93427	NaN
35402	783.93427	NaN
35502	653.93427	255.0
35602	586.93427	NaN
35702	746.06573	203.0
35802	738.93427	NaN
35902	705.06573	NaN
36002	683.06573	NaN
36102	933.93427	NaN
36402	730.93427	277.0
36502	586.93427	282.0
36602	615.06573	NaN
36702	600.93427	NaN
36802	602.06573	NaN
36902	676.06573	NaN
37002	639.93427	280.0
37102	623.93427	235.0
37202	352.0657	NaN
37302	609.06573	NaN
37402	817.93427	NaN
37602	784.93427	263.0
37802	544.06573	NaN
37902	705.06573	209.0
38002	676.06573	NaN
38102	190.0657	NaN
38302	580.93427	NaN
38402	NaN	NaN
38502	573.06573	NaN
38602	505.0657	226.0
38702	618.06573	NaN
38802	621.93427	233.0
38902	1038.9343	NaN
39002	1039.0657	NaN
39102	724.93427	NaN
39202	NaN	249.0
39302	561.93427	NaN
39402	584.06573	NaN
39502	432.9343	NaN
39602	728.93427	NaN
39802	NaN	NaN
39902	779.93427	239.0
40002	605.93427	NaN
40202	617.06573	226.0
40302	517.06573	NaN
40402	638.93427	227.0
40502	621.06573	196.0
40602	568.93427	231.0
40702	701.93427	NaN
40802	564.93427	NaN
40902	614.06573	NaN
41002	810.06573	NaN
41102	646.93427	NaN
41202	311.9343	NaN
41302	430.9343	NaN
41402	611.06573	222.0
41602	584.93427	NaN
41702	491.9343	244.0
41802	482.9343	233.0
41902	629.93427	NaN
43902	563.06573	211.0
44102	368.0657	NaN
44202	464.9343	245.0
44302	368.0657	207.0
44402	606.06573	NaN
44502	706.06573	196.0
44602	571.06573	210.0
44702	600.06573	NaN
44802	504.9343	225.0
44902	199.9343	228.0
45102	398.0657	214.0
45202	598.06573	NaN
45302	568.93427	241.0
45502	444.0657	NaN
45602	563.93427	229.0
46102	576.06573	NaN
46202	512.93427	NaN
46702	447.0657	NaN
46802	654.93427	NaN
46902	NaN	NaN
47002	564.06573	NaN
47202	408.9343	247.0
47402	586.93427	NaN
47902	249.0657	171.0
48202	616.93427	NaN
48302	711.06573	NaN
48402	575.06573	NaN
48502	411.0657	NaN
48602	662.93427	NaN
48902	589.06573	222.0
49102	553.93427	NaN
49202	507.9343	215.0
49302	803.93427	238.0
49502	263.0657	220.0
49702	572.06573	NaN
49802	614.06573	195.0
50002	757.93427	256.0
50102	581.93427	266.0
50202	736.93427	NaN
50302	612.06573	NaN
50402	517.93427	237.0
50502	744.06573	NaN
50602	387.9343	245.0
50702	491.9343	232.0
50802	225.0657	NaN
50902	738.06573	NaN
51002	456.0657	NaN
51102	746.06573	138.0
51202	647.93427	218.0
51302	684.93427	NaN
51402	901.93427	NaN
51502	764.06573	NaN
51602	391.9343	NaN
51702	364.9343	272.0
51902	446.0657	162.0
52002	572.93427	NaN
52102	973.93427	NaN
52202	497.9343	226.0
52302	670.93427	NaN
52402	689.06573	NaN
52502	513.93427	NaN
52602	748.06573	NaN
52702	821.93427	NaN
52802	771.93427	NaN
52902	354.0657	218.0
53002	541.93427	267.0
53102	567.06573	NaN
53202	520.06573	NaN
53302	910.93427	249.0
53402	810.06573	NaN
53602	524.93427	NaN
53702	771.06573	221.0
53802	790.06573	206.0
53902	946.93427	NaN
54102	500.9343	262.0
54202	732.06573	NaN
54302	589.06573	214.0
54502	842.06573	NaN
54602	876.93427	NaN
54702	1092.9343	237.0
54802	684.93427	299.0
54902	711.93427	NaN
55002	755.93427	NaN
55202	826.93427	234.0
55402	700.06573	209.0
55502	886.93427	NaN
55602	537.06573	210.0
55702	842.93427	NaN
55802	840.93427	235.0
55902	569.06573	NaN
56002	792.06573	214.0
56102	1138.9343	NaN
56202	996.93427	235.0
56302	663.93427	229.0
56402	802.06573	190.0
56502	779.93427	233.0
56602	859.06573	186.0
56702	527.06573	NaN
56802	690.06573	204.0
56902	742.06573	NaN
57002	684.06573	NaN
57102	687.93427	NaN
57402	NaN	NaN
57502	661.06573	NaN
57602	583.06573	NaN
57702	766.06573	196.0
57802	559.06573	NaN
57902	707.06573	213.0
58002	541.93427	NaN
58202	701.93427	265.0
58302	727.06573	197.0
58402	NaN	NaN
58502	611.06573	188.0
58702	588.06573	207.0
58802	799.93427	NaN
58902	712.06573	202.0
59002	623.93427	NaN
59102	727.06573	NaN
59202	739.06573	NaN
59302	572.06573	204.0
59502	567.06573	NaN
59602	701.06573	NaN
59702	588.06573	NaN
59802	686.93427	NaN
59902	NaN	NaN
60002	590.06573	NaN
60102	429.9343	NaN
60202	683.93427	NaN
60302	896.93427	249.0
60402	336.0657	NaN
60502	754.93427	NaN
60602	670.06573	206.0
60802	550.06573	232.0
60902	648.93427	246.0
61002	692.06573	NaN
61102	617.06573	248.0
61202	492.0657	NaN
61302	720.93427	NaN
61402	515.06573	222.0
61502	337.0657	NaN
61602	418.9343	269.0
61702	NaN	NaN
61802	NaN	NaN
61902	384.0657	219.0
62002	363.0657	NaN
62102	511.9343	NaN
62202	680.93427	249.0
62302	503.0657	224.0
62402	579.93427	277.0
62502	295.9343	NaN
62602	601.93427	NaN
62702	411.0657	133.0
62802	769.93427	NaN
62902	553.06573	NaN
63002	640.06573	239.0
63102	790.93427	NaN
63302	1013.93427	272.0
63402	599.06573	225.0
63502	563.06573	NaN
63602	805.93427	NaN
63702	680.06573	182.0
63802	631.93427	NaN
63902	462.9343	260.0
64002	771.93427	240.0
64102	393.0657	214.0
64202	858.93427	NaN
64302	613.06573	NaN
64402	582.06573	199.0
64502	870.93427	246.0
64702	886.93427	NaN
64802	548.06573	199.0
64902	546.93427	240.0
65002	554.93427	250.0
65102	902.93427	NaN
65202	774.93427	NaN
65402	607.93427	255.0
65502	604.93427	NaN
65602	546.06573	NaN
65802	660.93427	NaN
65902	415.9343	NaN
66002	549.06573	209.0
66102	733.93427	NaN
66202	574.06573	NaN
66302	537.06573	227.0
66402	470.0657	228.0
66502	609.93427	258.0
66602	688.93427	NaN
66802	412.0657	203.0
67102	890.93427	261.0
67202	786.93427	237.0
67302	505.0657	NaN
67402	996.93427	227.0
67502	NaN	NaN
67602	656.06573	NaN
67802	586.06573	220.0
67902	663.06573	237.0
68102	555.06573	242.0
68202	395.9343	245.0
68302	748.93427	NaN
68402	NaN	NaN
68502	NaN	NaN
68602	646.06573	218.0
68702	541.93427	NaN
68802	790.06573	NaN
68902	653.93427	238.0
69002	503.0657	209.0
69302	646.93427	NaN
69402	643.93427	NaN
69502	NaN	NaN
69602	377.0657	188.0
69702	479.9343	NaN
69802	452.0657	226.0
70002	855.93427	NaN
70102	328.0657	194.0
70202	777.06573	218.0
70302	181.0657	NaN
70402	243.0657	NaN
70602	257.0657	NaN
70702	705.06573	NaN
70902	387.0657	222.0
71002	623.93427	260.0
71202	NaN	NaN
71302	222.9343	279.0
71402	647.06573	NaN
71502	582.06573	NaN
71702	571.06573	NaN
71802	542.93427	NaN
71902	NaN	NaN
72002	344.0657	202.0
72102	516.93427	232.0
72202	882.93427	NaN
72302	302.0657	233.0
72402	661.06573	NaN
72502	596.93427	262.0
72602	690.93427	NaN
72802	257.9343	276.0
72902	680.93427	228.0
73002	1008.93427	NaN
73302	505.0657	225.0
73402	486.0657	NaN
73502	521.06573	212.0
73602	174.0657	NaN
73702	750.06573	NaN
73802	764.93427	NaN
73902	780.06573	205.0
74002	801.06573	218.0
74102	811.93427	253.0
74202	512.06573	NaN
74302	718.93427	268.0
74502	613.93427	NaN
74602	764.93427	249.0
74802	NaN	NaN
74902	NaN	NaN
75002	NaN	NaN
75102	541.06573	NaN
75202	463.9343	NaN
75302	377.0657	221.0
75402	493.9343	NaN
75602	486.9343	236.0
75902	716.93427	247.0
76002	588.06573	222.0
76202	NaN	NaN
76302	581.93427	249.0
76402	583.06573	NaN
76502	502.9343	NaN
76602	703.93427	NaN
76702	663.06573	NaN
76902	431.9343	235.0
77002	711.06573	NaN
77102	508.0657	NaN
77202	559.93427	254.0
77302	569.93427	NaN
77402	654.93427	217.0
77502	595.06573	193.0
77602	702.93427	NaN
77702	238.9343	211.0
77902	NaN	NaN
78102	597.93427	241.0
78202	632.06573	254.0
78302	1036.9343	NaN
78402	687.93427	281.0
78502	296.9343	254.0
78602	841.93427	269.0
78702	263.0657	220.0
78802	240.0657	NaN
78902	500.0657	NaN
79002	782.06573	200.0
79102	897.93427	254.0
79202	759.93427	NaN
79302	765.06573	NaN
79402	706.93427	253.0
79502	641.06573	217.0
79602	720.06573	NaN
79702	668.06573	NaN
79802	406.0657	201.0
79902	NaN	NaN
80002	482.9343	254.0
80102	572.06573	215.0
80202	673.93427	219.0
80302	746.93427	245.0
80402	277.9343	NaN
80502	964.93427	NaN
80602	407.9343	NaN
80702	483.9343	NaN
80802	814.93427	255.0
80902	675.93427	243.0
81002	718.06573	205.0
81102	718.06573	NaN
81202	747.06573	NaN
81402	502.0657	NaN
81502	NaN	NaN
81602	716.93427	NaN
81702	729.06573	227.0
81902	724.06573	229.0
82002	452.9343	NaN
82302	881.93427	NaN
82402	977.93427	NaN
82702	341.0657	NaN
82802	333.0657	215.0
82902	456.0657	NaN
83002	779.93427	NaN
83102	628.93427	NaN
83202	750.93427	236.0
83302	325.0657	NaN
83502	686.06573	208.0
83602	461.9343	NaN
83702	296.9343	NaN
83802	531.06573	NaN
84102	387.9343	250.0
84202	744.06573	NaN
84302	812.93427	243.0
84402	547.06573	NaN
84502	695.06573	203.0
84602	653.06573	188.0
84702	720.93427	250.0
84902	606.06573	NaN
85002	703.93427	NaN
85102	684.06573	NaN
85202	191.0657	542.0
85302	212.9343	494.0
85402	634.06573	201.0
85502	823.93427	NaN
85602	646.06573	207.0
85702	434.0657	182.0
85802	781.93427	207.0
85902	337.9343	NaN
86202	573.06573	171.0
86302	847.06573	NaN
86402	327.0657	NaN
86502	482.9343	251.0
86602	833.93427	NaN
86702	582.93427	209.0
86802	605.93427	NaN
86902	737.06573	207.0
87002	585.06573	202.0
87102	601.06573	197.0
87202	410.9343	NaN
87402	521.06573	219.0
87502	654.06573	NaN
87602	931.06573	NaN
87702	791.93427	NaN
87802	743.93427	246.0
87902	806.06573	NaN
88002	736.93427	NaN
88102	579.93427	246.0
88302	NaN	NaN
88402	591.06573	NaN
88502	323.0657	NaN
88602	549.06573	144.0
88702	680.93427	227.0
88802	647.06573	NaN
88902	606.93427	252.0
89002	698.06573	180.0
89102	620.06573	NaN
89202	627.06573	NaN
89402	917.93427	247.0
89502	862.93427	240.0
89802	429.9343	237.0
89902	721.06573	NaN
90002	648.06573	189.0
90102	963.06573	218.0
90202	1009.93427	NaN
90302	661.06573	198.0
90502	782.93427	NaN
90702	589.06573	201.0
90902	391.0657	NaN
91302	607.93427	206.0
91402	768.93427	NaN
91502	456.9343	NaN
91602	603.93427	248.0
91702	343.0657	196.0
91902	NaN	NaN
92002	995.06573	217.0
92202	534.06573	211.0
92302	658.06573	212.0
92602	NaN	NaN
92702	642.93427	232.0
92902	571.06573	NaN
93102	250.0657	206.0
93202	529.06573	248.0
93302	822.06573	NaN
93402	658.93427	240.0
93502	338.0657	NaN
93602	597.93427	228.0
93702	319.9343	NaN
93802	783.06573	214.0
94002	727.93427	255.0
94102	768.06573	NaN
94202	552.06573	NaN
94302	684.06573	NaN
94402	306.0657	NaN
94502	452.0657	NaN
94602	631.06573	NaN
94702	709.06573	200.0
94802	514.06573	NaN
94902	NaN	NaN
95002	688.06573	NaN
95102	543.06573	NaN
95202	750.06573	NaN
95302	676.06573	231.0
95402	485.0657	NaN
95702	431.0657	194.0
95802	871.93427	250.0
95902	917.06573	227.0
96002	NaN	NaN
96102	582.93427	257.0
96202	531.06573	226.0
96302	960.93427	265.0
96402	779.93427	261.0
96502	1004.93427	NaN
96602	819.06573	NaN
96702	805.93427	265.0
96802	763.93427	NaN
96902	1012.93427	273.0
97002	659.06573	NaN
97202	681.06573	NaN
97302	478.9343	NaN
97402	624.93427	NaN
97502	726.06573	282.0
97602	917.93427	251.0
97702	631.93427	NaN
97802	652.06573	213.0
97902	268.9343	NaN
98002	662.93427	253.0
98102	589.06573	239.0
98302	739.06573	NaN
98502	808.06573	NaN
98602	898.93427	NaN
98702	562.93427	248.0
98802	837.06573	NaN
98902	563.93427	NaN
99002	416.9343	NaN
99102	517.93427	211.0
99202	467.9343	NaN
99302	767.06573	231.0
99402	853.06573	NaN
99502	821.93427	NaN
99802	661.06573	227.0
